bmp 256x256 bpp 1 len 8256
--- grid col6/row15 (idx 246) ---
################
..###.....######
######..##..####
....##..##..####
..####..##..####
..####..##..####
..##.#..##..####
..##.#..##..####
..##.#..##..####
..#.##..##..####
..####..##..####
..####.###..####
..####.###..####
..####.###..####
..###.####..####
..##..###...####
--- grid col7/row15 (idx 247) ---
################
################
################
################
################
################
################
################
################
################
################
################
################
################
################
################
occupied pixels per cell, rows of 16:
224 256 166 171 212 103 206 201 195 156 151 220 180 116 181 210
224 206 210 197 256 256 256 256 256 256 256 161 170 174 164 224
240 232 224 216 208 200 192 184 176 168 160 152 144 136 128 246
128 128 128 128 159 184 191 250 239 228 208 196 166 113  60 128
169 178 193 199 182 180 179 176 209 166 191 173 170 180 183 155
172 203 186 176 192 183 164 151 191 193 164 198 184 177 197 178
180 153 184 187 170 188 161 152 161 204 191 191 156 185 256 161
131 130 205 212 256 256 256 256 256 256 256 256 256 256 256 181
224 248 240 230 224 168 124  64  20 250 250 256 256 256 256 218
224 256 256   . 256 256 256   .  32  43  86 128 170 213 224 224
213 195 201 198 184 189 204 183 201 182 183 207 192 184 205 197
185 225 203 193 189 169 184 193 193 171 185 191 204 194 200 180
197 190 188 244 244 206 201 220 103 180 116 181 169 198 198 160
183 212 172 140 186 178 190 212 239 162 148 162 171 162 202 165
207 169 200 185 219 172 137 155 141 180 193 194 155 182 256 172
141 154 127 147 204 167 164 256 256 256 155 177 179 256 256 184